200
169.0 199 197 192 191 185 178 169 159 155 150 145 144 136 134 128 125 117 109 99 91 81 77 68 65 58 48 40 30 32 26 21 19 9 3 2 0
163.0 199 197 192 191 185 178 169 159 155 150 145 144 136 134 128 125 117 109 99 91 81 77 68 65 58 48 40 30 22 15 8 1
161.0 199 197 192 191 185 178 169 159 155 150 145 144 136 134 128 125 117 109 99 91 81 77 68 65 58 48 40 30 32 26 21 19 9 3 2
158.0 199 197 192 191 185 178 169 159 155 150 145 144 136 134 128 125 117 109 99 91 81 77 68 65 58 48 40 30 32 26 21 19 9 3
163.0 199 197 192 191 185 178 169 159 155 150 145 144 136 134 128 125 117 109 99 91 81 77 68 65 58 48 40 30 22 15 8 4
155.0 199 197 192 191 185 178 169 159 155 150 145 144 136 134 128 125 117 109 99 91 81 77 68 65 58 48 40 30 32 26 21 19 9 5
166.0 199 197 192 191 185 178 169 159 155 150 145 144 136 134 128 125 117 109 99 91 81 77 68 65 58 48 40 30 32 26 21 19 9 12 6
166.0 199 197 192 191 185 178 169 159 155 150 145 144 136 134 128 125 117 109 99 91 81 77 68 65 58 48 40 30 32 26 21 19 9 7
156.0 199 197 192 191 185 178 169 159 155 150 145 144 136 134 128 125 117 109 99 91 81 77 68 65 58 48 40 30 22 15 8
152.0 199 197 192 191 185 178 169 159 155 150 145 144 136 134 128 125 117 109 99 91 81 77 68 65 58 48 40 30 32 26 21 19 9
153.0 199 197 192 191 185 178 169 159 155 150 145 144 136 134 128 125 117 109 99 91 81 77 68 65 58 48 40 30 32 26 27 18 16 10
159.0 199 197 192 191 185 178 169 159 155 150 145 144 136 134 128 125 117 109 99 91 81 77 68 65 58 48 40 30 32 26 21 19 9 5 11
160.0 199 197 192 191 185 178 169 159 155 150 145 144 136 134 128 125 117 109 99 91 81 77 68 65 58 48 40 30 32 26 21 19 9 12
153.0 199 197 192 191 185 178 169 159 155 150 145 144 136 134 128 125 117 109 99 91 81 77 68 65 58 48 40 30 32 26 21 19 13
163.0 199 197 192 191 185 178 169 159 155 150 145 144 136 134 128 125 117 109 99 91 81 77 68 65 58 48 40 30 32 26 21 19 13 14
147.0 199 197 192 191 185 178 169 159 155 150 145 144 136 134 128 125 117 109 99 91 81 77 68 65 58 48 40 30 22 15
147.0 199 197 192 191 185 178 169 159 155 150 145 144 136 134 128 125 117 109 99 91 81 77 68 65 58 48 40 30 32 26 27 18 16
155.0 199 197 192 191 185 178 169 159 155 150 145 144 136 134 128 125 117 109 99 91 81 77 68 65 58 48 40 30 32 26 27 17
143.0 199 197 192 191 185 178 169 159 155 150 145 144 136 134 128 125 117 109 99 91 81 77 68 65 58 48 40 30 32 26 27 18
143.0 199 197 192 191 185 178 169 159 155 150 145 144 136 134 128 125 117 109 99 91 81 77 68 65 58 48 40 30 32 26 21 19
145.0 199 197 192 191 185 178 169 159 155 150 145 144 136 134 128 125 117 109 99 91 81 77 68 65 58 48 40 30 28 20
140.0 199 197 192 191 185 178 169 159 155 150 145 144 136 134 128 125 117 109 99 91 81 77 68 65 58 48 40 30 32 26 21
138.0 199 197 192 191 185 178 169 159 155 150 145 144 136 134 128 125 117 109 99 91 81 77 68 65 58 48 40 30 22
152.0 199 197 192 191 185 178 169 159 155 150 145 144 136 134 128 125 117 109 99 91 81 77 68 65 58 48 40 30 22 24 23
140.0 199 197 192 191 185 178 169 159 155 150 145 144 136 134 128 125 117 109 99 91 81 77 68 65 58 48 40 30 22 24
143.0 199 197 192 191 185 178 169 159 155 150 145 144 136 134 128 125 117 109 99 91 81 77 68 65 58 48 40 30 35 25
136.0 199 197 192 191 185 178 169 159 155 150 145 144 136 134 128 125 117 109 99 91 81 77 68 65 58 48 40 30 32 26
140.0 199 197 192 191 185 178 169 159 155 150 145 144 136 134 128 125 117 109 99 91 81 77 68 65 58 48 40 30 32 26 27
136.0 199 197 192 191 185 178 169 159 155 150 145 144 136 134 128 125 117 109 99 91 81 77 68 65 58 48 40 30 28
141.0 199 197 192 191 185 178 169 159 155 150 145 144 136 134 128 125 117 109 99 91 81 77 68 65 63 54 45 38 29
131.0 199 197 192 191 185 178 169 159 155 150 145 144 136 134 128 125 117 109 99 91 81 77 68 65 58 48 40 30
135.0 199 197 192 191 185 178 169 159 155 150 145 144 136 134 128 125 117 109 99 91 81 77 68 65 58 48 40 30 31
134.0 199 197 192 191 185 178 169 159 155 150 145 144 136 134 128 125 117 109 99 91 81 77 68 65 58 48 40 30 32
145.0 199 197 192 191 185 178 169 159 155 150 145 144 136 134 128 125 117 109 99 91 81 77 68 65 58 48 40 30 31 33
135.0 199 197 192 191 185 178 169 159 155 150 145 144 136 134 128 125 117 109 99 91 81 77 68 65 58 48 44 34
138.0 199 197 192 191 185 178 169 159 155 150 145 144 136 134 128 125 117 109 99 91 81 77 68 65 58 48 40 30 35
137.0 199 197 192 191 185 178 169 159 155 150 145 144 136 134 128 125 117 109 99 91 81 77 68 65 58 48 44 36
131.0 199 197 192 191 185 178 169 159 155 150 145 144 136 134 128 125 117 109 99 91 81 77 68 65 58 48 40 37
138.0 199 197 192 191 185 178 169 159 155 150 145 144 136 134 128 125 117 109 99 91 81 77 68 65 63 54 45 38
132.0 199 197 192 191 185 178 169 159 155 150 145 144 136 134 128 125 117 109 99 91 81 77 68 65 58 48 40 39
126.0 199 197 192 191 185 178 169 159 155 150 145 144 136 134 128 125 117 109 99 91 81 77 68 65 58 48 40
132.0 199 197 192 191 185 178 169 159 155 150 145 144 136 134 128 125 117 109 99 91 81 77 68 65 58 48 40 41
140.0 199 197 192 191 185 178 169 159 155 150 145 144 136 134 128 125 117 109 99 91 81 77 68 65 58 48 40 30 32 42
133.0 199 197 192 191 185 178 169 159 155 150 145 144 136 134 128 125 117 109 99 91 81 77 68 65 58 48 40 43
130.0 199 197 192 191 185 178 169 159 155 150 145 144 136 134 128 125 117 109 99 91 81 77 68 65 58 48 44
135.0 199 197 192 191 185 178 169 159 155 150 145 144 136 134 128 125 117 109 99 91 81 77 68 65 63 54 45
138.0 199 197 192 191 185 178 169 159 155 150 145 144 136 134 128 125 117 109 99 91 81 77 68 65 58 52 56 46
141.0 199 197 192 191 185 178 169 159 155 150 145 144 136 134 128 125 117 109 99 91 81 77 68 65 63 54 45 47
122.0 199 197 192 191 185 178 169 159 155 150 145 144 136 134 128 125 117 109 99 91 81 77 68 65 58 48
130.0 199 197 192 191 185 178 169 159 155 150 145 144 136 134 128 125 117 109 99 91 81 77 68 65 58 48 49
133.0 199 197 192 191 185 178 169 159 155 150 145 144 136 134 128 125 117 109 99 91 81 77 68 65 58 61 57 50
136.0 199 197 192 191 185 178 169 159 155 150 145 144 136 134 128 125 117 109 99 91 81 77 68 65 63 54 51
123.0 199 197 192 191 185 178 169 159 155 150 145 144 136 134 128 125 117 109 99 91 81 77 68 65 58 52
135.0 199 197 192 191 185 178 169 159 155 150 145 144 136 134 128 125 117 109 99 91 81 77 68 65 63 54 53
127.0 199 197 192 191 185 178 169 159 155 150 145 144 136 134 128 125 117 109 99 91 81 77 68 65 63 54
126.0 199 197 192 191 185 178 169 159 155 150 145 144 136 134 128 125 117 109 99 91 81 77 68 64 55
126.0 199 197 192 191 185 178 169 159 155 150 145 144 136 134 128 125 117 109 99 91 81 77 68 65 58 52 56
128.0 199 197 192 191 185 178 169 159 155 150 145 144 136 134 128 125 117 109 99 91 81 77 68 65 58 61 57
120.0 199 197 192 191 185 178 169 159 155 150 145 144 136 134 128 125 117 109 99 91 81 77 68 65 58
130.0 199 197 192 191 185 178 169 159 155 150 145 144 136 134 128 125 117 109 99 91 81 77 68 65 58 59
124.0 199 197 192 191 185 178 169 159 155 150 145 144 136 134 128 125 117 109 99 91 81 77 68 65 63 60
123.0 199 197 192 191 185 178 169 159 155 150 145 144 136 134 128 125 117 109 99 91 81 77 68 65 58 61
124.0 199 197 192 191 185 178 169 159 155 150 145 144 136 134 128 125 117 109 99 91 81 77 68 65 58 62
119.0 199 197 192 191 185 178 169 159 155 150 145 144 136 134 128 125 117 109 99 91 81 77 68 65 63
122.0 199 197 192 191 185 178 169 159 155 150 145 144 136 134 128 125 117 109 99 91 81 77 68 64
116.0 199 197 192 191 185 178 169 159 155 150 145 144 136 134 128 125 117 109 99 91 81 77 68 65
118.0 199 197 192 191 185 178 169 159 155 150 145 144 136 134 128 125 117 109 99 91 81 77 68 66
129.0 199 197 192 191 185 178 169 159 155 150 145 144 136 134 128 125 117 109 99 91 81 77 68 69 67
113.0 199 197 192 191 185 178 169 159 155 150 145 144 136 134 128 125 117 109 99 91 81 77 68
122.0 199 197 192 191 185 178 169 159 155 150 145 144 136 134 128 125 117 109 99 91 81 77 68 69
115.0 199 197 192 191 185 178 169 159 155 150 145 144 136 134 130 120 114 106 97 93 88 78 70
118.0 199 197 192 191 185 178 169 159 155 150 145 144 136 134 130 120 119 113 103 94 90 82 79 71
117.0 199 197 192 191 185 178 169 159 155 150 145 144 136 134 128 125 117 109 99 91 81 77 68 72
113.0 199 197 192 191 185 178 169 159 155 150 145 144 136 134 128 125 117 109 99 91 81 77 73
110.0 199 197 192 191 185 178 169 159 155 150 145 144 136 134 128 125 117 109 99 91 81 74
116.0 199 197 192 191 185 178 169 159 155 150 145 144 136 134 128 125 117 109 99 91 81 77 75
113.0 199 197 192 191 185 178 169 159 155 150 145 144 136 134 128 125 117 109 99 91 81 76
106.0 199 197 192 191 185 178 169 159 155 150 145 144 136 134 128 125 117 109 99 91 81 77
110.0 199 197 192 191 185 178 169 159 155 150 145 144 136 134 130 120 114 106 97 93 88 78
113.0 199 197 192 191 185 178 169 159 155 150 145 144 136 134 130 120 119 113 103 94 90 82 79
113.0 199 197 192 191 185 178 169 159 155 150 145 144 136 134 128 125 117 109 99 91 81 77 80
101.0 199 197 192 191 185 178 169 159 155 150 145 144 136 134 128 125 117 109 99 91 81
108.0 199 197 192 191 185 178 169 159 155 150 145 144 136 134 130 120 119 113 103 94 90 82
109.0 199 197 192 191 185 178 169 159 155 150 145 144 136 134 130 120 114 106 97 93 86 83
110.0 199 197 192 191 185 178 169 159 155 150 145 144 136 134 130 120 114 106 97 93 88 84
114.0 199 197 192 191 185 178 169 159 155 150 145 144 136 134 130 120 114 106 97 93 88 78 85
104.0 199 197 192 191 185 178 169 159 155 150 145 144 136 134 130 120 114 106 97 93 86
109.0 199 197 192 191 185 178 169 159 155 150 145 144 136 134 130 120 114 106 97 93 88 87
104.0 199 197 192 191 185 178 169 159 155 150 145 144 136 134 130 120 114 106 97 93 88
113.0 199 197 192 191 185 178 169 159 155 150 145 144 136 134 130 120 119 113 103 94 90 82 89
102.0 199 197 192 191 185 178 169 159 155 150 145 144 136 134 130 120 119 113 103 94 90
96.0 199 197 192 191 185 178 169 159 155 150 145 144 136 134 128 125 117 109 99 91
107.0 199 197 192 191 185 178 169 159 155 150 145 144 136 134 128 125 117 109 99 91 92
100.0 199 197 192 191 185 178 169 159 155 150 145 144 136 134 130 120 114 106 97 93
100.0 199 197 192 191 185 178 169 159 155 150 145 144 136 134 130 120 119 113 103 94
105.0 199 197 192 191 185 178 169 159 155 150 145 144 136 134 130 120 114 106 97 95
112.0 199 197 192 191 185 178 169 159 155 150 145 144 136 134 130 120 114 106 97 93 86 96
96.0 199 197 192 191 185 178 169 159 155 150 145 144 136 134 130 120 114 106 97
96.0 199 197 192 191 185 178 169 159 155 150 145 144 136 134 128 125 115 107 98
91.0 199 197 192 191 185 178 169 159 155 150 145 144 136 134 128 125 117 109 99
98.0 199 197 192 191 185 178 169 159 155 150 145 144 136 134 128 125 117 109 99 91 100
98.0 199 197 192 191 185 178 169 159 155 150 145 144 136 134 128 125 117 109 101
104.0 199 197 192 191 185 178 169 159 155 150 145 144 136 134 130 120 112 111 102
96.0 199 197 192 191 185 178 169 159 155 150 145 144 136 134 130 120 119 113 103
95.0 199 197 192 191 185 178 169 159 155 150 145 144 136 134 130 120 112 111 104
89.0 199 197 192 191 185 178 169 159 155 150 145 144 136 134 130 120 112 105
92.0 199 197 192 191 185 178 169 159 155 150 145 144 136 134 130 120 114 106
88.0 199 197 192 191 185 178 169 159 155 150 145 144 136 134 128 125 115 107
96.0 199 197 192 191 185 178 169 159 155 150 145 144 136 134 128 125 117 109 99 108
88.0 199 197 192 191 185 178 169 159 155 150 145 144 136 134 128 125 117 109
95.0 199 197 192 191 185 178 169 159 155 150 145 144 136 134 130 120 119 113 110
89.0 199 197 192 191 185 178 169 159 155 150 145 144 136 134 130 120 112 111
86.0 199 197 192 191 185 178 169 159 155 150 145 144 136 134 130 120 112
88.0 199 197 192 191 185 178 169 159 155 150 145 144 136 134 130 120 119 113
86.0 199 197 192 191 185 178 169 159 155 150 145 144 136 134 130 120 114
86.0 199 197 192 191 185 178 169 159 155 150 145 144 136 134 128 125 115
87.0 199 197 192 191 185 178 169 159 155 150 145 144 136 134 130 120 121 116
84.0 199 197 192 191 185 178 169 159 155 150 145 144 136 134 128 125 117
93.0 199 197 192 191 185 178 169 159 155 150 145 144 136 134 128 125 115 118
84.0 199 197 192 191 185 178 169 159 155 150 145 144 136 134 130 120 119
80.0 199 197 192 191 185 178 169 159 155 150 145 144 136 134 130 120
83.0 199 197 192 191 185 178 169 159 155 150 145 144 136 134 130 120 121
78.0 199 197 192 191 185 178 169 159 155 150 145 144 136 134 132 122
80.0 199 197 192 191 185 178 169 159 155 150 145 144 136 134 132 122 123
82.0 199 197 192 191 185 178 169 159 155 150 145 144 136 134 132 129 124
80.0 199 197 192 191 185 178 169 159 155 150 145 144 136 134 128 125
80.0 199 197 192 191 185 178 169 159 155 150 145 144 136 134 132 126
84.0 199 197 192 191 185 178 169 159 155 150 145 144 136 134 132 129 124 127
71.0 199 197 192 191 185 178 169 159 155 150 145 144 136 134 128
79.0 199 197 192 191 185 178 169 159 155 150 145 144 136 134 132 129
74.0 199 197 192 191 185 178 169 159 155 150 145 144 136 134 130
77.0 199 197 192 191 185 178 169 159 155 150 145 142 147 141 131
73.0 199 197 192 191 185 178 169 159 155 150 145 144 136 134 132
76.0 199 197 192 186 183 176 166 157 153 146 138 133
66.0 199 197 192 191 185 178 169 159 155 150 145 144 136 134
75.0 199 197 192 191 185 178 169 159 155 150 145 142 147 141 135
63.0 199 197 192 191 185 178 169 159 155 150 145 144 136
77.0 199 197 192 191 185 178 169 159 155 150 145 142 140 137
68.0 199 197 192 186 183 176 166 157 153 146 138
84.0 199 197 192 191 185 178 169 159 155 150 145 144 136 134 132 139
65.0 199 197 192 191 185 178 169 159 155 150 145 142 140
72.0 199 197 192 191 185 178 169 159 155 150 145 142 147 141
59.0 199 197 192 191 185 178 169 159 155 150 145 142
64.0 199 197 192 186 183 175 172 163 156 148 143
57.0 199 197 192 191 185 178 169 159 155 150 145 144
51.0 199 197 192 191 185 178 169 159 155 150 145
63.0 199 197 192 186 183 176 166 157 153 146
64.0 199 197 192 191 185 178 169 159 155 150 145 142 147
55.0 199 197 192 186 183 175 172 163 156 148
59.0 199 197 192 186 183 176 166 160 152 154 149
45.0 199 197 192 191 185 178 169 159 155 150
47.0 199 197 192 186 183 176 166 160 151
46.0 199 197 192 186 183 176 166 160 152
56.0 199 197 192 186 183 176 166 157 153
53.0 199 197 192 186 183 176 166 160 152 154
43.0 199 197 192 191 185 178 169 159 155
49.0 199 197 192 186 183 175 172 163 156
43.0 199 197 192 186 183 176 166 157
52.0 199 197 192 186 183 175 172 162 158
39.0 199 197 192 191 185 178 169 159
38.0 199 197 192 186 183 176 166 160
52.0 199 197 192 186 183 175 172 163 161
45.0 199 197 192 186 183 175 172 162
43.0 199 197 192 186 183 175 172 163
41.0 199 197 192 186 183 176 166 164
42.0 199 197 192 191 185 178 169 159 165
34.0 199 197 192 186 183 176 166
47.0 199 197 192 191 185 178 169 159 165 167
45.0 199 197 192 186 183 176 166 160 168
34.0 199 197 192 191 185 178 169
32.0 199 197 192 186 183 176 170
37.0 199 197 192 191 185 178 169 171
37.0 199 197 192 186 183 175 172
34.0 199 197 192 186 183 176 170 173
33.0 199 197 192 184 179 174
27.0 199 197 192 186 183 175
28.0 199 197 192 186 183 176
34.0 199 197 192 186 183 177
29.0 199 197 192 191 185 178
27.0 199 197 192 184 179
28.0 199 197 192 184 180
26.0 199 197 192 186 181
32.0 199 197 192 184 182
25.0 199 197 192 186 183
23.0 199 197 192 184
23.0 199 197 192 191 185
21.0 199 197 192 186
27.0 199 197 192 191 187
31.0 199 197 194 188
32.0 199 197 192 186 183 189
26.0 199 197 190
21.0 199 197 192 191
17.0 199 197 192
30.0 199 197 192 186 193
17.0 199 197 194
32.0 199 197 194 195
36.0 199 197 190 196
13.0 199 197
36.0 199 197 194 188 198
0.0 199