0.5 4.8
3.5994421439218094 6.422421781918006
-0.39084871167987423 -2.196109496254739
-0.32895165553569194 -1.374635289703423
-8.114676345337127 -4.353797362232128
0.8188232626867564 -6.003980356454917
-0.5055108051352519 5.155466912188327
2.3867866041271024 -7.589823088219836
-5.354491700370185 -7.520209728367426
8.688848087558593 -2.412802741530302
-6.03347771872353 6.132893758167189
-3.8891308021066218 -8.69962578683164
5.189183599181904 9.476983171886006
4.591864616638248 -0.1590679986957544
-4.841414468593783 -0.07342146911399672
-5.868694575801074 3.042294592590349
0.0707375088512241 3.947078726281026
9.55597757212293 7.5331521517353135
-6.7718298117156905 1.7936652670761832
6.7714516857018765 1.3721101498441302
-3.7081182046184313 -2.6660688260320864
-8.391406884622976 1.4184824776636584
7.422386573469561 -2.949488636856079
-1.3270451090223867 -1.0763401991278942
5.451651441142538 4.277442355504782
8.283934591074383 6.5765598501982065
7.657016011035527 -0.15543301474853832
-6.509773625825108 -9.145334682906245
-5.238249996765687 3.188867268733404
3.6290504210651586 -6.862561411678591
-6.641338904695269 -0.9642111405448595
9.642024250473856 6.409636357466435
-0.4526822942974884 -7.255642391546808
-4.777823600460758 0.3522377759681561
-3.613310945002284 -3.075093403176432
-6.899930729374251 -2.141350980335579
-3.824047609000427 8.580744762864953
9.997301999080804 9.133925622868373
2.5310793298058587 3.301960273543394
1.4952372337916309 5.809868966394028
-7.858028727685062 4.5622883825511735
-9.228206643283826 4.861339288394408
2.9381567373137107 -4.829336959692272
0.796875244699673 -0.7410586176294864
-9.173456841736485 -2.6720188362575614
-9.270358835970516 -8.820231637107733
-6.670767696971156 -6.172140718556887
5.869058093663726 -1.0014816761135603
5.3795314681607405 8.890456707424807
8.365813027056241 -4.418077979524426
3.2292984492078314 -7.867167260169277
-0.10453344094290218 -2.4412779374142657
1.5575307887752654 -4.955433829269804
-3.198868651960478 6.354387504926827
-4.7048755617593425 -4.16981034353438
6.782899248316674 2.190748421537174
-0.9273984918265699 3.4342604816579336
3.5110539570145316 3.7440198214106823
4.85019276626196 2.6692747372199443
-0.8845912416976032 -2.009349815447108
-0.0518579733317881 -6.485552689084127
-6.15336513395701 4.066972896941811
-7.6610476479659155 9.789739814894144
1.7601848555211674 -6.343204100295092
5.8624448588610845 -3.838945773561524
7.493910288568067 4.087017569392297
-6.7293524483748985 -6.866765011081966
8.647203726953725 2.7058740593808817
-7.003628081929152 2.7485811304028895
5.754657228593705 3.5865302034606894
-5.021279699851444 -7.6087049586795015
-3.2350349313095217 -3.9969629068095913
-9.251007761078851 -3.7328265006362837
-8.77606707448556 5.139938054985267
-3.7550604851164637 -4.543759081583714
4.284938831898768 -5.041590829928748
-9.880424636551982 4.47418260035729
-3.1735188531317737 0.07638714884670161
1.2102575274062133 3.1924279136701306
-7.156828321894455 4.5039844483498666
6.090410312586759 -1.0836841784611306
-4.712007697074075 4.695572524202499
-4.993112247662575 -1.6426713183130537
3.2535867458485557 6.4560665663778805
-7.630122454955939 5.997404188755295
-5.3150763081224035 -9.738885361379992
8.606342358115802 -0.4653378840932776
6.728673782710082 4.823897921797382
1.1717062963107416 -5.953398485189128
-9.042807948530601 7.86800097051072
1.7865056913808952 5.33783592328668
0.07876808343780795 7.208533126151484
8.097051869045433 -1.328853666316383
-2.5728979382660877 -9.469004693953163
4.601388893107696 -1.3254023673244753
-3.912538688633662 4.3334316671962085
8.952789954554575 9.976943890897216
-1.9018582335694978 6.209394475051715
-8.308041802759483 -2.06556009125463
5.746121082792481 -3.6737931556305337
-8.996041388501705 5.766033992908799
-9.006002604881772 -9.65178951905033
-4.841965368842718 -4.621699678166545
0.4326417185705522 6.376873334076207
-3.937658063815659 3.603470321933049
8.09239231684936 8.228218011397093
-6.469563678898654 6.9892365862869426
-4.341659402197102 2.9349047900994663
-9.502274183215079 6.311852138477949
9.259103320923538 -8.50567660467945
0.3086905843883314 6.613421182640133
-9.780879216502116 -7.219907436202327
-7.426630435701716 -4.277280989767349
5.464149000415059 -3.5763878066454935
-8.898754469073518 3.347313397660272
-3.2494106795738964 5.155418106594332
3.314363203398756 8.152621203991082
0.6034810888578845 2.1717681272382094
0.0652643797734953 2.745138003236054
-4.581676320559616 5.108939711221612
9.272011286450661 -8.525574430333123
5.96675477670908 -5.529984230708516
8.405524751031013 -7.406358477765731
5.774690779334675 6.110716626239803
2.823125920203884 3.798767730037509
1.553526423765157 -8.17124637917342
1.2714521549033853 -6.080016218642859
-0.055595750948256306 1.0900520594203034
-4.712096842144964 5.756380512869789
6.902523725022302 0.4721684253447589
1.1886950136780094 6.5914063467962825
0.17000926906793223 -1.8164132622103324
-8.834260627081337 -7.757208298546036
7.5753372960464365 -6.11877426603588
9.802885679220621 -0.2772834000003077
9.517828768193219 -2.5741237252873472
-4.346102209153018 0.2595022902972244
3.2080732627857778 2.5877305490240454
-6.118993015955814 -7.596471854813123
9.72877419334651 -3.230850960555307
6.850337231629579 -6.591376608148789
4.591327802751561 -6.99524568520403
3.609274315449964 -7.216737816061558
1.3903903716246635 -2.0868236325176293
-1.9263063047441253 0.9758538343222023
5.999283846939225 2.032870866121972
0.9903992753464008 6.684978833316528
-2.3618956346236297 6.8844185620302305
5.996969355517983 4.90654520674412
9.905572963507488 5.374871628112475
5.842700335172502 -8.747695382702108
-8.853361974208564 -9.614052412402788
5.110063004820812 -8.753943503150117
3.188209090037355 1.8796913035078044
9.667340182340249 -1.5029470754868934
0.0356865846943033 3.7359464546180954
4.194083919763905 7.928017370640217
3.8295622500704574 3.8823793670752305
2.728884525635531 -3.2782588459087725
-1.666827773013373 7.4485115713746985
3.041464154152258 0.5768844470483603
-3.6069911845899605 -6.985800465142362
-7.197760419109917 -1.9032860885831115
7.596051325598287 -7.166197840778052
6.421458672594862 -4.367625647725073
8.494322390313844 7.863141967506683
-2.8264639622168164 -4.240386096539983
7.247207404480854 -9.293451035865903
6.031154192029331 -9.159752593246012
2.5165928737810894 5.733577448230296
-1.6195741502669736 -6.921845813851364
4.158557193375048 7.4558081633773154
9.429013828555275 6.188077846344635
-1.1941006543512067 8.899861362675779
-1.7332988335374822 -3.5027797705173724
0.1632605448106128 7.841950325206004
2.5692353998810358 1.8461575480926995
-0.07837188599947975 0.7651734241471608
7.257523442060673 5.6045864902539115
-5.936988202190008 -5.259064504468316
8.630649724154198 -0.33202123038804876
3.0373207602788654 -0.1092890252989065
1.5415768333464674 -1.029474547165361
5.867977202988275 9.726133732487952
9.256733078267372 -0.07341562970179627
8.928825367544068 -0.13130831275634858
-5.84563042602658 -5.758741377962339
-9.228543347860809 -0.800598423651282
8.922271288074445 -5.207816344275182
3.8272918382911603 -2.9095046282311543
1.3280272952087624 -5.102947575224855
-9.11947110869617 6.804961192435586
-5.545471610918316 4.432870740616748
9.746931427953704 4.604026864308173
-4.12051427445604 5.237499509958972
3.01921655317519 -7.539174043187149
0.4697149334229933 -6.87238523409232
2.8083311525520904 -5.555818006055255
-7.251156687474434 5.06672281617468
-4.177747018377924 -9.737317874491607
0.6127629074054219 3.9279696298558098
-0.08694657281519191 -5.054341395629034
-6.513335077813762 0.998500520617227
-6.677425117691291 -2.2372181583362893
5.856512304496624 6.481238262641709
5.918925781200559 -8.405932624169896
9.949288234067108 7.097861694734851
0.420172564347141 -9.179275146213442
7.1380235705032185 -1.8792961948500286
-6.159597084952084 4.372857242623864
1.4810167835515298 -5.679175954565691
-1.71703711985 -3.4078041688741867
0.6948022768593543 -6.779826419688364
-3.8883213185323373 5.114412883653047
6.285175661899269 -5.068080625813112
6.733544030252851 -1.6371979151836946
1.3542845832219408 7.7038547303075955
8.631392129301592 -6.428597385484998
4.104176966785753 4.580732060265631
-4.594544355075644 -1.5582938309121275
-3.5515857507934534 0.17658318931428552
3.5084311267203017 -5.712558575306743
7.115417075127473 -8.565474793412742
5.106798506190846 -8.088496871670142
-2.86289421512258 -8.716297973303313
-9.595326512427132 0.5904522451120875
-3.1731685514160746 9.0071624109561
2.2732813084374714 -2.9980008962182603
-9.94061710398065 -1.1917767374179333
1.459455928657587 -9.5038170106217
9.62517890020057 -1.157890121815035
1.4836946803221784 -9.430391361862736
-6.220169881634998 3.100023240861287
2.612753283074949 -8.375085103013596
-4.725114057606897 -4.021133809809667
8.507325780412213 6.557541231738632
4.233316834759067 -2.8087693981280704
3.5486171030961833 8.29138527318481
0.3530223849080194 -9.210251442100908
5.598673408221924 8.269398793843656
0.3114814888069706 5.778586694463019
0.9792598571579569 3.6036636718608706
-4.45134011647651 -0.6503622470965498
1.484107170722364 9.6481751433358
2.263372160739141 5.100650749868003
-4.703919935936327 -5.74927736299824
-5.857043881826456 -1.0664362140281125
6.785482514635737 0.8377705507000943
-5.55534814395263 9.519657625421376
2.799927494330654 -0.5703813324471985
-5.424335951946042 5.39622904006416
-7.18811265823887 -4.9137958685772105
4.583222955637196 -0.30278495731612676
-9.231947506519283 7.053006166574605
2.844038997851477 3.6429598948838726
-2.8405541295193593 5.132653199363196
-6.801927651291411 -2.5494022437131303
6.367952614024109 8.728873830436829
-1.3513451766557272 -8.079523376443925
-3.4197230177254 9.179333680648208
-0.17734110509552536 7.100715254844145
9.644416393059878 -3.9278939251536027
9.84246342325045 -7.5135657107579545
7.163992703685487 9.400552765800139
-0.2633154118704151 5.3614617144215515
-3.413261166856554 9.590143876425895
5.263880674292776 9.680616790498043
1.3320998115507 6.824702839211985
8.353945584127388 4.143758284215573
-7.133826294535726 6.946673967556702
-6.404895776390047 4.810063742687316
2.655891259189773 1.0209829347811783
-1.1803174849034304 -9.669303533986707
-0.01874603723648116 -1.9714400954179578
-0.16622913649904758 -1.4196905090784462
-1.4034064428436022 -4.209178220953604
-6.747155070600195 9.32738757965373
0.35972354116790894 -2.3939089912681366
4.6487648003807225 4.607345303833592
-9.73940083551206 -0.6833639310497963
-4.404468988529835 -0.2574517262704701
-2.619663895889488 2.6596352855340144
6.871407415991577 7.968175289396102
-8.666228362432475 0.4113793101957164
-2.991933160558704 5.259383626431793
5.461628127225833 -6.69822798073011
-2.706259112754723 1.3308196160316421
-4.679012186499502 -0.7997682275326712
2.6837217434029914 2.6220518401634507
-2.1436843965225116 3.8127411056955163
-7.636135920339711 4.4874524189944465
-1.4535685640819773 -7.692150829040272
5.488853050727947 7.007341842613595
6.81551317758376 5.545456219048226
7.281052542198003 4.562972702618042
2.6725200477806066 0.02949366091434369
6.380919534975913 -6.604603279233077
5.805142196080098 8.406069682887496
8.96892884527623 9.888199223698251
4.8547899689231455 -5.955511085743465
-3.015714396934601 -5.881872973413882
6.279490374346857 9.697517566240656
-7.688428572394416 -0.33586075276617056
9.782019156523514 -8.754727365912071
9.958576507117483 -1.6570879098324065
1.2186030164102024 9.21162362204235
9.076652650497717 2.04120517922016
1.7913693412545273 0.44246433330945134
-8.133838316450436 -7.812124484282985
8.516192752937426 4.404266673701627
5.255324510541152 -8.728997719806431
0.827077021454039 -5.528663432754193
7.577397340311327 2.2788367655515773
-2.627686962138911 -4.512893692841629
-2.0419459769860593 9.311447585525169
-4.091126470154933 -2.1056308070382768
7.694629010326885 -0.2124342256895595
8.717649177518222 8.108156577992185
-7.7446454647097385 -9.212493502528305
4.080085903771571 -5.021581288457233
1.4992468021290617 -0.47782116376662076
-6.700707043835119 6.91320997289316
-8.371087665173667 4.825165403781167
-6.255170022303032 4.955104455302863
-8.61517546389365 -7.517754092315172
1.4554636334323812 -3.7105586853761374
-2.826922268009502 6.0761382616177695
-2.0019435545123554 1.2114229616601602
2.234647833949468 -7.527931568459218
-0.46051500432248815 -6.310385686681144
-4.796671363968872 -4.793684882514921
-7.000884081060601 -9.24456930877065
0.17331193006855372 -3.867237826223695
-2.1868953413517978 -7.813019456199677
5.556753606587126 -3.960682862111793
6.407287637832921 -6.9879852527984525
-6.219089422772289 9.557651304447836
-0.29087959049945766 4.730174885144434
-9.353273587536242 3.901708458749986
8.622682675245667 -8.472537291539481
1.0984525493929942 3.787105712833243
8.88959439699045 -4.098263794605783
0.8009983298702772 -8.57543713716577
-2.389758883908837 -8.677688979189078
-4.976125153416406 -0.3739138148245913
-5.475916346996403 4.339151135518023
-0.027535747560651913 -0.6234469947163612
-5.9244531046442965 -0.357865809457818
-9.492362270001635 7.268880357781759
-5.4477949333618 1.991171267364642
-1.2184139270952832 5.647491771152573
-4.5601148589249485 -1.8891570368674682
-5.15513647357025 -5.307530336887602
8.416222353852183 -3.762409746159514
6.347528658698787 2.438166938690429
0.4057146251710231 1.0271264288967474
0.7993780316317967 3.9989196540381244
4.046566431470923 9.480294151182218
6.562567735100626 7.363669168594626
5.882099271152876 -1.2198218759830426
7.737426066706503 4.6632389953458775
1.8488517769888335 1.333101628324005
0.9065364344999183 5.267142743769613
9.638976229018162 9.831963224124232
-5.938586821826222 9.170520629670065
4.572686210086485 1.6522134531475863
-3.8852028647522863 5.12157100496927
-0.5642825228563075 -5.6866095632720315
9.299916479456567 -8.347584991475962
6.300593867045272 2.388559233179197
8.056621695657322 6.362646121633433
-5.582056879013431 1.6002331940991255
-8.843244648202507 2.160355324579186
-8.379064109327771 0.4087269818052053
6.989420767831149 -3.0614009919992258
-4.941525674802813 -7.988046783713094
-9.792326462697075 0.8349126376682392
-7.7268535148062645 -6.711792229674907
2.7394269613247646 -9.81735493784916
8.038589490407187 -6.6233305840321055
-0.49669663429658506 3.758839683601387
-3.1732546051581934 -6.998105354370949
-3.9919788405330126 -8.716919480840568
1.9294220561515796 -2.8882717277759262
-5.8236338112034876 -3.0767568202430584
3.986581471969919 2.0362429331369447
-1.4332742216704752 -6.319400497181473
9.167601257027743 -9.505156043761593
4.167633363389152 -3.8180206518970783
-7.550483604132245 4.074399135166784
-6.218483553338469 -2.1449086091872527
2.9013679033672712 -3.5899222537672704
-8.695071021701086 7.930738969350742
0.6620308228607064 7.075804299077475
2.473656070074697 -0.8754678208794231
3.7244195298737415 -7.74252780401234
-5.42304095055896 -7.452850120608336
1.079652196746681 -7.122297673863263
8.218511572475224 -1.7306948869269645
-2.7134988916276104 8.568568243024332
-4.051888997256885 -9.79314694729477
-8.385475375998192 4.047931297152781
-0.5182403720789486 2.7620805232988754
-4.7110498237950775 5.470559335743133
5.474185148219252 3.04514623738116
2.8193347634903065 -4.358755390856852
-8.597822534753481 -4.416866706780658
-4.148113632213204 5.7751010335862984
-4.900434130686797 1.060462713835475
-4.965157316937248 2.6929883609564076
-3.8504096245768693 -9.473609236016465
2.2744805683541647 -3.3120836424995814
-3.755030308609486 6.460405260207884
-2.6761028611716275 5.914003827677914
-4.403047644780418 -2.552546981757433
-9.914358981520401 -8.7017519024167
9.565860008964272 -0.7856450157968919
4.795631258351209 8.501870570998717
5.689435576373394 -9.132512817387163
-8.399703613308082 -1.9907457812000562
0.4033376465103222 8.62334833147559
-9.597820201270435 -2.5076533737611872
4.151216095194252 1.9597741207438801
0.30521987090958547 8.152855035963405
7.554688845880406 4.419395308560166
-7.770856693749952 9.999761878535567
-1.2351221891952036 4.098453342302486
-6.5254731384336235 -4.90933453588595
-0.29433340220575976 -7.715579150331562
1.300323369867371 5.871946930026814
2.884619796389283 8.996228354112867
7.075902092235429 5.317456905129053
-5.093101802946316 -0.5218172903102736
9.251712239654879 0.40322122956572004
-3.6348430645787633 -6.335927940282044
0.16245054746925724 5.415735715851646
-6.279100993073177 7.339654515362359
-6.398872510592444 -4.820757279582875
5.635217079852528 9.384177628464876
3.3755895964483007 -4.976040675196025
9.7409561149103 -2.2369334182418688
-1.006796557651033 -7.406937438500827
5.7168918708117955 5.952055855724712
4.393184518484796 7.784321441007154
-1.0402792576154396 6.620111675164182
7.412033210357329 1.4145692000066656
-3.3691194724483986 -4.296293080261854
8.672106055222368 -3.487474485222606
-9.805175049333375 -8.559213806799598
8.95115520848352 -1.3046090945392952
2.03703634122816 -1.0493034619526953
1.9829724139251903 -5.206118273153304
-7.620706871567824 6.880291700997583
-5.880306041556018 -9.5069518342149
0.7754474306875636 -1.042419412397182
0.04365338749472869 1.2872649796676572
1.6886314278374437 9.055386489489837
5.731523421830209 7.986384190592877
0.3515195213627398 -8.032609158476047
7.180561528069456 -4.298621223220806
-3.025796331475006 -9.138139658868045
5.334429429478451 2.204837561758608
7.6093376948268805 -7.967454094591478
-6.706301924693731 9.139143188355272
-7.380198755814316 1.7634137884534407
-9.716612245955698 -6.623056238684661
1.6026834517426503 -4.247144399056511
9.739129855041535 -8.280981309018651
9.355433005277462 3.138570020555873
-3.9275969510201314 7.261655544728995
2.1681857597362963 -5.711890462425364
7.886192459597135 3.107249620169008
-3.2818254376465372 -4.480673084558838
-7.998653495104429 5.59856556688487
0.41062301732752715 -9.695979606001552
3.34129739998571 1.6999996191372624
9.613278984246147 6.910281880602418
0.10329609499108994 6.719221905568082
-8.710159379102185 -9.858227896431197
-5.378488812290114 -7.822531019828545
2.1284546541833693 1.0640377150658087
2.8760279530819832 -0.5728468578441714
6.501341618232681 -9.261118359088512
0.6903595315900279 6.532293169758365
7.004768589932322 -1.678388880410071
4.524064616073817 -2.2575304007465147
8.140695135984469 -2.068185970425056
7.324971678075556 -4.2801269539833005
-9.893855213705882 5.741701381263504
9.072435143714246 -6.553857802465566
1.0143616125203092 -9.910687776436136
-6.849410009169583 1.0203172366292157
-6.950732311688794 -7.9041409226981685
-8.645904265031227 9.506226933141726
-5.062720189833425 -4.272478283220429
7.679460533151261 -2.691367623442631
6.570355851082987 -4.067946016519666
8.983782742927794 -7.555716563701093
3.3735446641614453 5.962492795667808
-8.686294850701163 0.8768060288763624
2.166386423161508 -2.0008293367844154
-3.4486980143453194 -0.6244992130703753
-3.3417593826603165 3.594586959906123
0.808289911504303 2.596138233526384
1.1247546308471157 -6.033473118192331
-2.225331088960212 1.2523776656753705
-2.782910740057807 9.490640528927559
6.558670185620532 -1.6314158140254742
-8.916392218034943 3.145802441595653
4.617630537725292 7.438322157631044
-5.265016464637191 -7.759798418425978
-8.466298710581464 4.168470343023518
-2.8531794093851204 -5.422705015962832
5.525083077536137 -4.320384176245124
7.325783517864874 -2.7982409758086035
-1.6019836982433233 2.3086159065591128
5.8072587154472854 3.9003056837309624
-8.23373937559805 6.87566646557636
8.34028082154825 -2.2866025185571637
-4.403702194983667 0.21839139542667363
1.4979808947924078 -6.048231222372829
2.6361661449467855 -8.597129092983595
3.433003539454953 -5.082735966298144
6.900093313667828 -2.7507678325510088
9.377250762649876 -8.206546058543061
9.233806887925976 7.27122494220676
-2.193167193440728 -7.436845262333335
-0.06543180977053753 -0.5617583375699087
6.021361304345085 -4.3204696446032465
7.369972570183798 -7.89745401132164
-9.577944774865536 -8.287977992632307
8.53263930760697 -2.3212017078520564
-6.442718320221424 2.2613301482961035
-5.137219829761392 5.584395917959282
-5.135681873418081 -4.2796460620786885
-2.726317409832366 -8.533887871494414
-1.2472095474795686 9.974678663610007
4.600354474762716 -1.9118067335656064
7.847915396423937 9.920693241921617
9.767159866408825 3.0977778327428007
5.570209795442215 4.28256484428247
-2.6466778758467835 -0.12444505762142954
8.038334085183866 2.4046919826490587
9.003932035721052 -2.4699690945271313
5.116781095644121 -3.619331984195391
4.123145266679833 1.1050965191698436
0.9027117283424824 -3.6087850329282323
1.4325344224201508 -9.950020200510048
5.553568440137084 -1.8313067446548392
0.010572305753844269 -2.247301174364975
-4.370374785363351 1.1315014702101123
-1.0502975824232363 2.294895868546609
6.496476106199864 3.1996586170198316
-6.133235571597691 4.467913552955931
4.716634469437533 -9.18746595148636
-1.9548109413080739 0.12942630073347727
-3.383711537212435 6.448313976148114
3.2887732765677513 -7.296577835918963
-8.953201206832384 8.025462334380189
1.0101184712197475 0.6540399467522096
-0.6596654010874659 2.621705083304944
9.464466517252601 3.5337453962886833
-9.671801808523883 4.892473501672399
-5.205888111909172 8.549602561255208
5.414746609632699 -4.467064826693656
0.7770701727256291 -0.7734528786015593
4.463958743633318 5.616662271923478
-9.956365715902022 -3.7529261293218186
-8.788352322516344 8.038072939295606
-1.551443345086898 -7.095180496876051
-4.230653901038104 -6.536499086825418
4.853801055128535 -4.581117072623373
-0.7663722653345828 7.033982409511237
-3.839174132883769 3.0587003426326143
2.605313897830517 -7.2070870375884954
-1.7519371336887746 9.92981545066473
5.450755636311129 -4.515086671184738
5.933743084709633 1.1249807841968784
-8.36015748652656 -7.93532876436295
3.462961593754361 2.4757137369086224
0.7021315084164881 -9.811623074007866
0.6935972571395199 3.352350245099709
-1.0108108022646167 -7.701891191241423
-0.9675599219562159 3.0183564146714392
-0.5580598356616329 4.492005942717581
-0.32334575283655465 3.506829927247912
-2.326168811273601 2.907678620117411
-5.486758225579109 -1.4035718660162066
8.280028308536508 -2.446515514122378
-1.285088190068564 -9.711124336301278
9.994327898510942 -7.699939913376445
7.163079850631062 9.051584687841718
7.119927955244332 9.623990003975296
-6.27060857754667 9.773654294275865
-3.348958421162216 -3.026741887755222
3.712367585777303 -9.137837699902217
-1.5998260411778409 -8.522973243005165
6.121843647250039 -3.520193342181601
-7.450291669076645 -0.48402258477466376
4.840104086491188 -8.803494131515148
3.1662505545261888 -5.177782888377105
6.3440876218340065 0.6118068588022685
2.815941574454708 6.653164622118957
-9.439811088526323 0.7600440660965679
-2.9265370727032702 5.951819831607814
4.477684837081886 3.658329806413323
2.6542295331390786 -8.58864687549243
-0.15813063488021362 6.587868321844692
-1.734483191463354 6.867081854078318
-9.13242597641138 5.172825785521513
6.635171312883235 1.860096324384548
9.077862173266837 -7.108446190262201
7.808931862864239 3.8444074932036076
9.868725239277685 7.448524273515478
7.599012447607006 -4.6413992945189015
7.810029130609033 3.428877826869463
-3.7909808187783756 0.6593648903435145
-7.162226015305073 0.5496072265334373
-5.009739006134419 -1.6584591667966242
-4.494982693840628 -5.1705633918597
-0.8434178511538515 -8.631778313095657
-0.24838094497057206 -9.478233636501809
-1.1465171310716027 7.570172444085936
-6.62468462421481 -5.022511954796329
-0.800713797650352 2.4037228071957273
-2.011351046175318 5.8882864747522
-7.288285133587782 5.268523334992549
1.9801907440962285 0.4124278763856326
8.085262494380853 4.593597816942669
-0.19392838955355485 5.2901904446180374
-0.8878027783451659 3.8552891546157064
0.8566128512103321 -8.931097444761434
-0.8831771364096164 -5.486065854826996
-5.203149653037156 7.7072859535475
-2.732887694606856 -0.15759930573085557
7.290981692673837 7.151871803111998
-6.461472450804264 -7.329727576465217
7.919525468005359 -6.928752456637389
5.6745282311741825 -9.576500892351971
-8.218864878868217 1.7122405186804368
-4.092284506141246 5.168854916080068
-1.9529781518172284 -8.940577221336468
8.67591109760528 -3.6555725758227786
7.24461379539834 -8.429420065526134
-9.240165559399475 6.152617957171993
-9.501145439490749 9.277616722698966
-2.141164338954642 -1.0723264105086683
-0.04366522603552525 0.6292667442371447
-2.790932654798819 -3.878641831098144
-9.727990812463663 -6.325181634933433
-7.085939733404145 5.173555747464342
-1.004739699436521 -8.888743675150499
6.316951102288191 2.4475433576713668
5.725669311833839 -1.5560560228203335
-6.772308737309329 5.528968282938607
7.018001405948633 6.967681065689324
4.133646658609171 2.2793173411755507
9.404338608891168 -8.583028491417792
5.381866078683699 7.984984193994292
-7.587125834456259 7.793227923821262
7.296573672794146 -4.6457757996083
-1.050927077014736 -6.841468158096151
-2.439623375950124 9.36399991633158
3.9359730678750715 -9.408611219639445
7.292687974106997 4.044576986434867
6.024331970616233 -4.947256242110905
6.091831534038059 -3.23273838186515
2.9547071863050745 -7.927187870398972
-0.9300716368748341 1.298443707195387
-7.125709884629588 -2.940402131420561
-6.782111917535881 -0.9029545912647374
4.374009259275664 -5.975441452408279
-8.736793177678418 -1.223625362954901
-6.359122261636685 -0.14158151302907207
0.4291825118783299 -6.151453519541342
-0.5825513395872695 -9.271356181851228
-0.5233283342175477 6.406938254366105
-3.059927155514399 -8.70930512269458
7.385334760266311 -3.6642493082506844
9.692656388761964 -1.512022473019432
2.771630167683763 1.617719869126344
-9.248308347139103 3.8300251255864937
-6.863581946894966 1.1674501490442513
9.841400048414306 1.644019273055104
-2.707800953698054 -2.3289353434066484
2.370031059226554 5.632563314845327
0.5582425088052401 0.026470639374884808
8.161431232743485 -8.52557538729852
-9.839758568014252 1.2720915865842364
-7.033517007240507 8.806989964931022
4.745607710306183 -0.3659427738818888
6.2641288527862615 -2.2076266904306907
-6.122212350422512 3.323567414097832
-5.41381873998734 -3.4270171904716573
3.9985499360649435 -6.747262592715712
7.237368416558128 -9.19651322605187
-2.154415942666772 -2.8381605084831474
-6.807201443452886 -6.849605172168777
1.7406236214880266 -4.569026992358429
-1.886988462490844 -1.899065810950047
1.203888772941184 -6.0825262391348005
3.924866770146076 1.8511353797998797
-0.3337647441903502 -9.087773366043617
0.19407060654602626 -1.3536585487706398
7.617159109958756 6.979076479475442
-0.46473658406582796 1.9035244708246357
2.069888518811729 -0.8371294024755782
3.067238590174106 7.596640536269397
-9.563181562747477 7.458882184965143
-8.104827988982679 8.863087714471831
1.1548430666118548 0.5752313740873571
9.361793406529731 -6.079784375267307
7.555138450801431 -5.951328627751664
-6.771530678134394 9.18565238637175
-2.7287842810867224 -8.347479632365387
-3.6196125833746184 -2.879499813382662
5.532770033924468 -3.3916708019796293
-0.25049034041622065 -8.118381583628322
-0.9485272915095333 6.990896704542453
8.705411906431992 -4.4594773318139485
-2.158219381316866 -7.791166421843609
-5.076480050777484 -5.62515318514736
0.03172264338790587 -9.653936313879683
-6.740911260210522 2.664341576082747
3.064968826508536 7.049068678851038
-1.055841346178783 8.290800787711825
-5.376632008554476 -4.308405613655335
2.544477780015031 8.693589784656302
6.146753243066662 -9.55974702852603
8.728511504776868 1.6546334032397692
0.903099938884 -3.766450786946778
-1.4879993065247388 1.662207164975369
2.4666435621518445 8.869331857712579
6.461043059443645 -1.603024000199822
0.5196076683451833 -2.69427457535119
-2.8737595253395876 -0.4120839283402722
-0.44372253751882473 9.91643982456794
-0.07903284944638544 2.715822984615248
-8.127761472933058 1.424100827029131
3.977968042660751 3.7317622383165383
7.242770812803405 4.0080409142850755
-7.143333538924623 0.7300407886169658
-7.29214137570289 -8.377935679874275
-9.013065759476646 -0.02195037605811745
0.3076395234365559 -7.53904893446161
-1.8922791952666262 -9.651260716588137
2.4252494832327454 -1.0996792024020685
5.07714760493853 -5.680588994585875
-6.599650724106068 7.1003398113995235
-6.0861585436781045 0.07258554766991221
4.041863856042863 7.0468943725232
0.9139772583036732 2.3006312892460334
-0.17440581943257927 7.180211497323102
-8.634701588269555 3.558235291663092
1.214520753303392 -3.487782872160845
-9.135733705777206 -3.8989266443758197
7.589744189500342 7.046166653014523
2.0718922427157316 9.531850780695505
-2.2176178193053575 1.5632959131630697
1.8678018328049872 6.151796658131287
0.9868657369371259 -9.56343989358664
8.677070174866037 7.704644059474908
3.4047770225941054 -3.02453429073001
5.6084943569153385 8.80711012710869
1.3597538282854194 -0.32927424645821324
8.738298167356167 9.900101798541488
-0.2057662911675373 -6.694235633499355
0.06916487645862279 -5.875891340857715
0.048578306023188134 -8.883053354798234
7.1451519855490915 6.227369901838209
2.8153626230056705 2.9904915213221672
-5.165242973035271 0.2223459193167443
9.105123107507168 3.847485682484597
0.7470398097895203 4.103845615457404
-3.474626203972475 -9.787152807612374
-0.863369527848239 4.101709078056855
-5.382632398148138 -5.1491669538807505
8.300801479805415 -9.075835853304547
-6.232550543110369 8.810105748782211
9.414573578484568 9.764336809653258
7.3265849219025085 4.897519349478889
-3.4216528468538576 7.055792912724086
-4.8638818246207 -5.610141656827235
-6.980527825478806 5.2149958999336254
-4.525018691099161 -1.020055511662341
-1.864623939017016 2.2419415360426598
7.486297091380274 6.213657029660762
3.6068257171023976 7.239362239661622
5.271012465017395 -7.870108596620975
-1.1287092225205742 -7.221781057859609
2.1032095252634586 -6.041423557350147
-4.806796642728415 -2.8375611088747377
-4.3371381072587205 5.543129931469624
8.380244112856252 -7.596303919979171
9.698014923020272 0.08116133707378959
8.187615037323027 -7.974054563717152
6.690543986153883 -4.957116524610596
5.383982407663234 -3.8408281118474807
-9.238785900811141 7.725397121076128
0.1569415764684634 -2.3200821534910387
1.150951251664798 1.196178879713674
-6.99154081887529 -8.29947123669858
-3.987870101594966 -6.528211404593316
9.299849586318631 -3.216248005642204
4.499327006901675 -7.729705213291556
1.1991854264623814 -8.442809845171343
-4.350425415608017 4.532936820256919
5.813235001920973 -8.228370111317023
2.78169567553453 -7.9399273577272105
6.86895597603328 -2.2379197169900777
-3.936200260184912 -9.41352849806413
6.402538662159538 -4.775222578798573
-9.308072144510476 7.463068287882299
-5.533581927043787 -9.324200022729377
6.87356706260017 -7.945713107581323
1.322000124218683 -5.757703179781448
-1.154148577513785 -5.321682014584852
5.420280506546343 -2.0986182138207865
-3.2503196820734903 -4.0677759106115445
-5.69096697140866 -6.052200912493291
3.877270731853031 -5.048674564106388
6.902028985158424 -6.0807027464705214
3.9905676087764186 1.3430734882727458
-7.1679099949218905 -8.66503511799769
-5.10146500822035 7.379197987515105
0.16630026008874754 -5.409266994564927
1.2782021045203074 -6.52215438221428
9.00929798355474 -3.9722795947790868
1.5777836117255806 4.529101389389883
-4.154093178460081 4.4098129320237405
8.559607939315994 -6.422884569883996
3.6301260295998605 5.392922219186794
1.5393500831147522 -2.7453307325270493
-2.5249602435160723 -0.5549453417081618
0.614001617277542 -6.2564195573607435
-9.686840751002379 5.447439238964917
4.338481347900586 -8.012043308611789
-9.607407846453368 -2.660384487286196
3.251700759291718 -6.70486389882236
-7.631693638425769 -0.5684782211147899
6.310931097744749 -5.809735638949545
-6.97042314047116 4.793822162911756
-5.193081688780696 -1.4692261558642628
5.944201394152044 -2.1533527997662683
4.2703486249291185 -9.586959492478842
7.397412809747042 -8.621435031472366
8.933368230464149 4.726860768456838
4.979317779179208 8.208237966791884
-3.7555794129164966 -2.9729513642252114
7.258917538832909 4.163829813746991
8.354952725108477 -8.576466824550508
-3.690105944949482 8.167327760997242
-6.549580848357072 1.2390318126110023
-4.2095360690857735 6.57747985824688
-6.674850680607554 -3.427072326314957
-7.936414147072066 -0.2191726119634141
-8.265927818585677 -9.105925859862772
-9.36686436957902 -1.5079896690356476
8.410434423141846 0.042631196697768825
-2.810565034653836 -5.603832153960068
-0.8289861188651226 9.247841716761103
-3.6079808929371793 9.639978412536808
6.937951200727799 0.22504623106968547
-0.2402085716605762 -8.051391023709852
-9.432120156128313 -8.746662842360593
-9.086183670371195 0.10657989854694128
1.4358962142270881 7.0087509023693695
-4.055537444781542 2.6462379053887997
6.32636285409415 -3.695444553675291
3.5001188324079813 -6.187717654461318
5.103754695197256 0.8120068005452552
1.4731687405474303 -2.045269932447531
-9.592437684925576 2.5871512346638514
8.392914491634988 -2.195462347591739
-7.290731932890882 -4.795496957182904
4.826190072084158 0.6983607731001995
-4.600663542145183 4.752206983988816
7.331666454254966 -1.0918935165925836
-0.6748829621778629 -9.390014949635477
1.4924251495026652 -2.152488676933053
-8.639460929090518 6.4115811490105195
5.678140073929498 -8.860447897425063
-0.40880933774308126 3.9607981361879396
-9.71214326399358 -2.2426517128179935
4.984041027034804 3.454963148400203
1.0198195643079422 4.670149251100266
9.396785281805599 5.997313420554633
9.582080064489562 1.6112027842515553
-3.994541663390665 -1.2424113047119456
-8.080090642555946 -1.2653478952908825
3.861957263817659 1.5517311321656635
-9.097005981317475 4.756281607877282
6.525245885862912 9.432964668168529
-2.0709591563207375 -6.662849022342796
-1.3347674883899407 9.456797730175028
-1.3138297876292881 -3.487542025192889
-6.298958816420335 -0.3097794450618707
6.827693732750227 -8.41521686304544
3.011584897270705 -5.359270905432883
6.126652959369068 7.81850706867097
5.97348937409204 -9.762263436419698
-5.048553551399735 -5.443826122533608
-9.123791662069923 1.5595417409852352
-5.903613079137447 -1.6815626543055884
9.924331115185998 -4.4440038860010205
7.835178623451878 9.167958581901567
-1.1512947943954521 0.9567348923033192
-5.724784032888994 -2.410239624398438
-0.471405681199637 -8.350613020648915
-2.376934330916325 7.841893128122431
2.1055493096366917 0.25316605386803914
3.8710684016525176 -9.307176660207364
1.705124213164828 7.961236544256439
-3.7434421969706277 -4.5390929305429095
-3.1985116793967316 6.044442428714927
7.701781863902308 6.364115793797202
-7.067952886020315 -6.596340049495812
-0.6568225409324913 3.1448453259075393
-4.226939473638649 -5.758446910530298
-1.6755421609931243 2.294066020903738
-2.238096757868666 4.866495076174353
2.5075208555019723 -4.114217917764247
3.715585334047653 -8.720426316106579
-3.744831452352826 -9.366848794921573
1.5788651365036177 1.6793621347663534
-3.837047282815804 -1.4644258801609
6.039841995567143 -0.8274222676027909
-0.16072441966326734 6.058051792432928
1.8615316670378834 8.94889524806847
-6.072270747426045 -0.20037674599701072
-6.545456327330781 -1.8753575455582516
0.6458758505940687 -8.61448063026992
8.051965000190025 7.342591447981026
0.3013827520210133 -7.832070966427425
8.069224845110174 -9.773838509990995
-8.172486641642195 -3.83346008686704
-6.311067075972181 7.863249117660638
3.413240339798862 8.805612478517709
3.004423997530774 -5.253849301509314
-2.9758834425148883 9.342290634955662
2.9407233895038676 0.9623182065830305
-1.2883685723588734 -3.4287612106311838
-2.845003863831832 4.691333686429077
1.7409875526685248 6.642716342078019
-2.5705781724275845 1.3867644540998003
-5.662440328021523 -5.221918809362038
-5.592985164051061 -5.939045622262585
-5.396385732801998 -7.125770582422297
6.016770596114762 5.376041176292867
4.842842928142326 -6.832547587560429
-0.06584347794482248 3.0206679506737255
8.587872073756515 -3.4798284039506533
4.105740096045835 -5.565669812412695
-1.9424467913345933 9.614745546155826
-5.258464702288026 2.7909651307589933
-8.09922015967711 -8.226389553921166
2.632743927763972 9.360404704429017
-5.39089389231747 9.709250064183836
2.389644814170142 5.086038592591606
6.155390401013974 5.980308171197592
-5.23066802161267 0.22903748107329314
5.413169839904914 0.6855335340588242
-9.538644159601892 3.6259038768602947
9.355612691153144 -3.902377970955031
-8.452876029640567 4.165652676165871
-6.816487185787167 0.4429096266491328
2.833605360735354 -2.410173197135177
-8.403620211682579 5.901293550606368
-3.390403051975961 5.638355593182649
3.1752925975171498 2.652845097191725
-6.1794215781350275 -5.058019151075166
9.976608981973547 9.14828382562475
-7.4008938374248405 -6.478635896621753
1.8787939529733166 -6.475694032689729
-1.5689197520511633 4.729679181294686
-3.058586505988725 0.8691553181576106
-3.8324352822908114 -3.906293183663807
-2.2567613884948767 -0.9641112062561574
1.5901374694176518 9.62523920186757
-0.9504535793949742 8.004503535512464
-5.856544566125184 -9.590995388282744
6.439046568305762 -1.506748018179751
8.326013025428473 7.085783825678438
-8.383166177542176 1.202424718010635
-9.324730241548682 -9.632821360302906
-1.8247706541313113 -3.5507663821927515
-2.0514077957149923 -5.988656187620231
4.865608269838644 -2.328140066583211
-2.7479519520362095 -9.109669999246828
1.7302067664671283 4.791907348748532
1.6907957088106529 -9.654662947959107
-6.965514316122441 2.931419482008699
7.843540177766604 9.733876034664364
8.07818718686878 6.510858223863895
-2.2699649800006005 8.133678470117673
-8.52280712431874 4.454647764294126
-2.7267664848787065 8.955450683485967
3.4624981896167406 -6.007902480488254
5.212824479933234 8.53799683527421
-1.7353666668240009 -7.342262716710517
