0.5 4.8
-8.513212350933667 -2.309702784169254
-3.8243955654170203 5.730604490607538
-4.707506193831341 6.96373326087352
5.786195850277447 -4.741450029476617
4.268043706611683 5.651612810774438
-9.327425386427958 -4.785818654846765
-5.7007947992242975 -8.270582401530362
-0.9699547273913267 -9.47546158406831
-2.053946758367682 6.204257220221521
-7.056510892586352 1.4931181239543534
-1.290006600894702 6.708632740729028
8.913002201085371 9.518256701568093
-0.3796907999190413 3.4790586244406585
-4.5180351266388445 -1.076758960933335
-4.384863872247373 -2.5405914442044764
-5.195075320269149 -6.963465078761373
0.31444139090821777 4.647536371139436
-9.366776177915444 8.60125061512635
9.97860968364963 4.857517219829004
1.7869103268761144 -9.24833619997431
-9.822679241823 2.3035386172882477
2.1420308438514457 7.945783889887521
-2.613722861533927 -5.863179194409296
-2.369151597300707 6.082464805611045
-4.926944461241187 1.783113162740162
9.787956346028901 9.53784077792983
0.21155756124006553 -6.381615196682295
8.197935486982162 3.3649950945839224
5.179666422817908 7.938446619112815
8.167294085648283 1.2086721702230685
-3.178524623018708 -5.037506187329348
4.862796032321746 -3.2325122194178
-1.0359942885367657 2.935358286662928
7.434208871016681 -5.006842031028002
3.138112204477308 6.205891311806631
-2.372862826121198 4.961739284926234
-1.0957952532363047 -3.681407722404577
6.915117772770012 6.405711451038636
8.262371859777616 -7.45832721643948
0.6684069121594605 -5.8996483010262395
0.8765153624684618 -8.267625200518605
-5.875520206755899 2.3686358719055467
-9.970959066425264 -4.684466580381499
8.233768351324686 1.34846273672528
-4.730555185304963 -1.3953299425237153
3.7333527792641252 3.137755757852827
-9.940951516695005 9.98644135518173
8.016279133598198 -5.334520375555732
-5.334423150477756 0.3163073045728648
-9.487265973212587 -7.286074532009492
-0.043112297893603824 -3.4872387200877997
-8.297545045595562 -6.225066726737339
5.1298991908461815 -2.5743266163856227
-4.986591147118222 -9.043958516255483
-3.9225129655794566 4.592124089796448
-0.06987263980005487 -8.510371853494345
-5.167357962007982 -9.380092749635962
-9.792504926569025 -1.6867440911828901
-0.19195142711577962 8.709566805631157
2.8376998154317845 -1.7346877665060711
-4.576944305892132 -6.331119630153623
-7.295461787874382 -4.831840908319338
9.169987941912886 3.8690991189289248
5.076933867013147 4.1906568637589
-7.994001481166954 -1.521366673149478
9.427882720366096 2.4074210543054675
-8.173767098049304 1.1717646009949378
0.05226916052783803 -5.073191786644515
-6.496242565399049 -8.615199842833132
-7.6117873200122315 -3.7162946966483656
2.980297468094504 -2.513293923448121
6.4139392701598545 -0.29705464663429826
8.326102433652052 3.524272227444367
-6.099487604061187 -8.628749573840517
1.8467088441984503 8.637900375618234
1.8264563421450886 3.3592637426906946
0.6258483934947812 -8.259944954611512
4.320066923587696 -2.169441187177623
1.0597108150157086 -1.3273199149395398
-8.757186946258136 2.5831420355347467
-0.9950092257706444 -4.610139559055759
-5.338159674894256 8.416917762692687
6.393079134692958 -6.803900181042488
-3.652471087580893 -3.4713829349760705
-5.690201693452783 -3.399885235256035
4.800561759976924 -8.473786090458388
-5.94678589245772 -3.1338397564422493
-0.8838104272932412 -7.552354664494856
6.3987680394229285 7.607988496313949
-2.4263669308900804 7.786661711921257
-7.661062448294718 4.140533769465764
-8.394743268485483 -8.728671307427653
-9.241867219222343 -5.606566205728356
0.6648034813481773 0.7780778985633008
4.315737158129771 7.777350599566509
-8.552250595757654 8.28887576019441
-8.32432519792847 -4.348221815066314
-2.150992638084388 -4.948138250906182
-3.4788294155933874 -5.110651927031689
9.134146444759018 3.636131880927813
-0.43989307086641505 1.4976139248373022
-4.494039918847044 -9.438986589246518
-2.076167655946586 6.667642159564007
6.816908477009809 3.6617047272271797
-1.1509697541212094 5.702651569754682
-9.38875878109518 -1.0406591890040984
7.3837833225712 -8.191573450991028
-4.909969435501454 0.6905148211819157
-2.405344934700946 -4.106701106059781
0.3954628963638518 -0.12400646943434568
-0.38473387478125787 3.075183997081974
-2.110986284317904 2.49206252798557
0.27384666187417306 -4.52997518082663
5.841537482407809 0.09348816022876294
8.252793587175617 -7.149120451153439
2.6656917787050216 4.116737176938948
8.200395984604414 -4.447179846843352
-9.1183371680455 -2.3813678169209695
2.063147791588884 -3.157036587523925
2.939520298224516 0.4750453537309762
0.9428794341341518 0.6117567958446557
6.881662776260979 -5.864150296541459
2.5651248754921374 -8.305183161989994
0.5289504276935797 -3.683039125717451
-0.8786664698878011 -7.398362755782186
3.460500438087326 0.531973900820859
-5.191606273544755 -0.3004218232485534
7.132560576563762 2.233699783596994
-1.5409970677071794 -1.8653581453468604
-2.0266874524232414 -5.082591646692681
-0.6935583537258183 -8.923163970908965
-7.241108907176739 9.756372304083348
-8.604683472136504 -5.518767757567611
-4.74951042340475 2.410650384271522
-1.4177571369683273 -9.269960691207935
0.7687668849378704 1.2907886471222763
7.873162759037216 -8.540913372625331
0.6316178270393924 -4.62442672563292
1.9225534533880695 6.4598240824133875
-3.3203940480825245 -0.1418710161751413
3.0181097254007216 -7.752746907683539
8.892790396332424 8.796517565732419
-3.8882778856820366 5.671552488267865
-6.321921734910834 9.075377654094307
-1.2550340077530042 7.414660995562016
7.301591070244364 6.951679382278653
0.9908788595944706 -1.483846907937214
4.452764858643452 -6.503971312896535
-1.188477439371134 -0.9187800509077193
-0.9368768188700116 -1.4723764942560513
-1.6771332176266163 3.666173844923093
3.7168979750366837 5.633635493250404
2.193525994954937 1.7775368384725931
-7.023833756967939 2.377983304671356
6.726176221136675 0.16739960363422846
7.229690288389545 -7.373345801716056
2.862251936547928 -9.86513165152687
0.9183839933340776 -9.249294436351779
0.5282060844549252 -4.288894621042516
7.99274437239456 5.82780039919657
0.6686862539517024 -0.9197586627255294
9.450271129766561 -8.977977653622677
-7.914109861536074 -1.3979630706408508
8.386602334906705 -6.538213287825972
6.197828136345587 -0.4397955846817614
-7.265208794038525 5.602593951016179
9.282968131687968 2.2591047951747822
3.1664365234565595 5.2899803097347124
-8.864999591878808 3.2424468042134214
0.0445959800262119 8.625935871064275
0.5952610599830344 -4.436233474122931
-7.2499928946681225 -3.951330833629345
-3.9780713524686684 3.2865004815856658
5.946619287005599 6.582825558122492
-2.918025886331328 1.6399996077623258
-2.050855693192424 7.438905423603003
-7.388837185323007 -2.426711083982731
-9.089112898208004 8.804252090986967
-8.243810248160056 8.671645859755614
-1.834092732513568 -5.571704572949829
-3.410490651053286 7.967506433309035
-0.9193986542879062 6.733120183567305
2.2922810797318016 -0.2448628457823876
5.971471225006009 0.48884626001267417
7.677018043400468 4.990304828955128
8.498456753110606 3.0605524119396432
-1.6752339103937364 3.0093363951653385
-8.202094399844773 -5.539200895044081
9.995011898952598 7.546769566273575
-2.6886286143654115 -9.909052301392183
4.793320967174763 -0.0264945559644314
4.09675719873279 0.3079954247142358
2.8342224078717693 6.81538486764961
1.0865921376816345 6.170932399728663
-7.026539532323628 -4.938331886955229
6.42178525992821 0.6560351150028243
3.355342792583733 2.9181206888266775
-7.931093972287268 -6.587874535942837
8.378651272992881 -7.361144614176065
